"Date/Time (PST)","T_0.4m (K)","T_2m (K)","u_0.4m (m s-1)","u_2m (m s-1)","Q* (W m-2)","u'w' (m2 s-2)","w'T' (K m s-1)","w'rho_v' (g m-2 s-1)","w'rho_CO2' (micromol m-2 s-1)","w'rho_CH4' (microåmol m-2 s-1)"
2016-08-26 00:30,    285.57,    287.65,      0.19,      0.48,    -41.38,   -0.0010,   -0.0003,    0.0004,    1.8470,    0.1233
2016-08-26 01:00,    285.25,    286.89,      0.09,      0.37,    -42.37,   -0.0082,    0.0029,    0.0021,    1.8206,    0.1214
2016-08-26 01:30,    284.48,    286.35,      0.00,      0.13,    -41.37,   -0.0133,    0.0028,   -0.0023,    1.7902,    0.1193
2016-08-26 02:00,    284.18,    286.10,      0.00,      0.15,    -41.28,   -0.0075,   -0.0013,    0.0003,    1.5820,    0.0862
2016-08-26 02:30,    283.72,    285.78,      0.00,      0.07,    -40.98,   -0.0154,    0.0013,   -0.0006,    1.7251,    0.0342
2016-08-26 03:00,    284.27,    286.42,      0.00,      0.16,    -44.32,   -0.0835,    0.0034,    0.0001,    1.6825,    0.1120
2016-08-26 03:30,    284.14,    285.89,      0.07,      0.41,    -42.46,   -0.0088,    0.0006,    0.0002,    3.0007,    0.1012
2016-08-26 04:00,    283.51,    285.32,      0.00,      0.27,    -42.94,   -0.0205,   -0.0038,   -0.0026,    1.6282,    0.1158
2016-08-26 04:30,    283.80,    285.65,      0.07,      0.41,    -44.03,   -0.0077,   -0.0110,   -0.0024,    1.5880,    0.1061
2016-08-26 05:00,    283.21,    285.10,      0.00,      0.05,    -41.51,   -0.0944,    0.0205,    0.0058,    1.5649,    0.1047
2016-08-26 05:30,    282.80,    284.80,      0.00,      0.08,    -34.42,   -0.0248,   -0.0100,   -0.0061,    1.5386,    0.1032
2016-08-26 06:00,    284.30,    284.92,      0.00,      0.22,     -9.13,   -0.0062,   -0.0012,   -0.0009,    1.4517,    0.0150
2016-08-26 06:30,    286.16,    286.71,      0.19,      0.46,      8.62,   -0.0049,   -0.0029,   -0.0024,    1.4598,    0.3458
2016-08-26 07:00,    287.66,    287.92,      0.28,      0.32,     30.32,   -0.0009,    0.0064,    0.0026,    1.4317,    0.0973
2016-08-26 07:30,    289.95,    290.08,      0.56,      0.81,     92.69,   -0.0111,    0.0188,    0.0084,    1.3975,    0.0956
2016-08-26 08:00,    293.58,    292.71,      0.87,      1.26,    173.40,   -0.0238,    0.0413,    0.0163,    1.3755,    0.0944
2016-08-26 08:30,    296.74,    295.11,      0.68,      1.00,    250.90,   -0.0214,    0.0706,    0.0187,    1.3982,    0.0637
2016-08-26 09:00,    298.73,    296.99,      0.79,      1.11,    317.58,   -0.0229,    0.0916,    0.0301,   -2.4045,    0.1242
2016-08-26 09:30,    299.87,    298.16,      0.89,      1.26,    402.28,   -0.0287,    0.1137,    0.0411,   -1.4927,    0.1722
2016-08-26 10:00,    301.05,    298.97,      1.20,      1.70,    458.21,   -0.0444,    0.1483,    0.0573,   -1.3070,    0.1349
2016-08-26 10:30,    301.36,    299.81,      1.12,      1.66,    507.07,   -0.0490,    0.1502,    0.0597,   -0.1016,    0.1315
2016-08-26 11:00,    302.26,    300.52,      1.10,      1.78,    499.87,   -0.0638,    0.1414,    0.0568,   -2.2565,    0.1486
2016-08-26 11:30,    302.20,    300.66,      1.41,      2.15,    525.67,   -0.0718,    0.1435,    0.0646,   -0.5508,    0.1552
2016-08-26 12:00,    302.79,    301.00,      1.29,      1.89,    564.27,   -0.0556,    0.1544,    0.0747,   -0.9057,    0.1422
2016-08-26 12:30,    303.39,    301.55,      1.35,      1.91,    561.53,   -0.0498,    0.1427,    0.0691,   -0.3022,    0.1348
2016-08-26 13:00,    303.76,    301.95,      1.51,      2.08,    557.12,   -0.0504,    0.1414,    0.0652,   -0.6622,    0.1277
2016-08-26 13:30,    303.95,    302.66,      1.55,      1.77,    523.07,   -0.0165,    0.1431,    0.0726,   -1.2585,    0.1731
2016-08-26 14:00,    304.91,    303.30,      0.79,      1.48,    514.36,   -0.0644,    0.1341,    0.0700,   -1.1256,    0.2054
2016-08-26 14:30,    305.45,    303.58,      1.01,      1.73,    485.65,   -0.0701,    0.1476,    0.0834,   -0.5249,    0.2217
2016-08-26 15:00,    304.79,    303.32,      1.45,      2.08,    384.79,   -0.0544,    0.1123,    0.0677,   -0.0325,    0.2354
2016-08-26 15:30,    304.64,    303.08,      1.21,      1.91,    397.93,   -0.0649,    0.1252,    0.0664,   -1.8929,    0.1719
2016-08-26 16:00,    304.54,    303.07,      0.60,      1.37,    259.80,   -0.0635,    0.0724,    0.0522,   -0.4657,    0.3383
2016-08-26 16:30,    303.68,    302.79,      0.54,      1.33,    204.26,   -0.0633,    0.0600,    0.0475,   -1.5867,    0.2138
2016-08-26 17:00,    303.71,    302.73,      1.08,      1.76,    161.16,   -0.0530,    0.0624,    0.0269,   -1.7578,    0.1424
2016-08-26 17:30,    302.14,    301.42,      1.20,      1.92,     80.96,   -0.0463,    0.0220,    0.0351,    1.6647,    0.2976
2016-08-26 18:00,    300.68,    300.20,      0.70,      1.22,     18.80,   -0.0252,    0.0099,    0.0159,    0.3963,    0.2339
2016-08-26 18:30,    298.48,    298.52,      0.36,      0.97,    -25.31,   -0.0074,   -0.0042,    0.0072,    0.6416,    0.1732
2016-08-26 19:00,    296.28,    297.02,      0.00,      0.26,    -49.37,   -0.0101,   -0.0044,   -0.0029,    1.3965,    0.2868
2016-08-26 19:30,    293.59,    295.59,      0.16,      0.37,    -54.98,   -0.0027,   -0.0031,    0.0026,    1.5927,    0.3026
2016-08-26 20:00,    291.42,    293.78,      0.03,      0.20,    -49.55,   -0.0057,    0.0077,   -0.0003,    2.2256,    0.1545
2016-08-26 20:30,    290.03,    291.91,      0.13,      0.22,    -45.92,   -0.0018,    0.0019,   -0.0026,    2.2072,    0.1528
2016-08-26 21:00,    288.87,    290.89,      0.21,      0.45,    -46.30,   -0.0038,   -0.0020,    0.0007,    1.3299,    0.2035
2016-08-26 21:30,    288.14,    290.51,      0.37,      0.49,    -46.98,   -0.0030,    0.0039,   -0.0000,    2.1131,    0.0442
2016-08-26 22:00,    287.79,    289.94,      0.00,      0.08,    -45.57,   -0.0064,   -0.0110,   -0.0007,    2.0796,    0.1416
2016-08-26 22:30,    286.95,    289.24,      0.12,      0.26,    -45.29,   -0.0013,   -0.0007,    0.0003,    2.0538,    0.1395
2016-08-26 23:00,    286.33,    288.96,      0.00,      0.06,    -45.75,   -0.0196,    0.0120,    0.0043,    2.0229,    0.1369
2016-08-26 23:30,    286.38,    288.63,      0.43,      0.58,    -46.64,   -0.0015,   -0.0014,    0.0011,    1.9873,    0.1340
2016-08-27 00:00,    286.93,    288.56,      0.11,      0.42,    -45.53,   -0.0062,   -0.0039,   -0.0002,    1.9554,    0.1315
